1553932599,-2090749036,-287790715
1553932599,-2090749036,-287790715
1553932599,-2090749037
1553932599,-2090749037
1553932599,-2090749036
1553932599,-2090749036
1553932599,-2090749035
1553932599,-2090749035
1553932600,-2090749024,-287790716
1553932614,-2090749038,-287790699,-355989525,-716867067,161804280,1402202865,535445704
1553932618,-2090749034,-287790699,-355989524
1553932618,-2090749034,-287790699,-355989524
1553932623,-2090749024
1553932623,-2090749024
1553932599,-2090749035,-287790705,-355989535,-716867076
1553932614,-2090749038,-287790699,-355989525,-716867067,161804280,1402202865,535445704
1553932601,-2090749027,-287790693,-355989522,-716867085
1553932618,-2090749034,-287790699,-355989524
1553932602,-2090749038,-287790696,-355989535,-716867086
1553932604,-2090749014,-287790704,-355989530
1553932619,-2090749020,-287790713,-355989526,-716867076,161804266,1402202860,535445705
1553932614,-2090749038,-287790699,-355989525
